  11-Mar-1603/31/2011
   1050426022               1
  1.300000122e+03
 1300.00              1               0 SNB  10   1 FIX    35   40
  1.226979542e+01 6.600000000e+01-5.446908474e+00-1.055636625e+06
 -1.087934250e+06 6.729132843e+01-3.540065765e+00 2.171640778e+01
  1.718540668e+00 3.160198331e-01 5.477241278e-01 9.352617500e+05
  6.782292938e+01-3.497397900e-01 5.294582367e+00 1.370739341e+00
  7.175475955e-01 1.104958415e+00 1.564574242e+00 1.462857842e+00
  8.800576210e+00 4.696245670e+00 3.921647072e+00-7.016431093e-01
  6.151750183e+01 5.972501755e+01 5.783231735e+01 5.584304810e+01
  5.375930023e+01 5.158319092e+01 4.931195831e+01 4.693763351e+01
  4.444665146e+01 4.182054138e+01
  4.903317537e+14 4.695258248e+14 4.479003960e+14 4.399622227e+14
  4.352711118e+14 4.323813706e+14 4.194513380e+14-8.889083046e-13
 -9.387265271e-13-9.976736234e-13
  4.343281555e+01
  0.000000000e+00
  4.527615547e+00 7.383920550e-01 2.220213652e+00 1.431427360e+00
  7.184529901e-01 7.468465805e+00-5.000000000e+01-5.000000000e+01
 -5.000000000e+01 5.149609223e-02 2.289960205e+03 2.183782031e+05
  1.387956901e-03 1.267494082e+00 9.584611654e-01-4.406659864e-03
  1.353039384e+00 6.606716919e+01 0.000000000e+00 0.000000000e+00
  5.539672852e+01-4.086059570e+01 5.374711227e+01 4.670868301e+01
  9.339654922e+00-5.000000000e+01-5.250236034e+00-5.171136856e+00
  4.132074356e+00 1.653263474e+01 1.962208366e+01 1.462857842e+00
  6.951971436e+01-1.521312539e-02-5.875767022e-02 4.244549561e+01
  2.365784496e-01 4.519385099e-01 7.200021094e+04-9.851856157e-03
 -7.906711102e-01 1.399445724e+01 1.119943857e+00 0.000000000e+00
    26   40   15    3
  7.259506732e-02 7.279731333e-02 7.133822143e-02 7.140582055e-02
  6.863547862e-02 6.142031029e-02 5.537123978e-02 6.402095407e-02
  6.606845558e-02 1.127350256e-01 2.132860720e-01 2.649923563e-01
  1.877561212e-01 1.638552248e-01 1.910784692e-01 2.730237544e-01
  2.245567143e-01 1.205947474e-01 7.750508189e-02 5.869694799e-02
  2.745501138e-02 3.972037882e-02 6.216511875e-02 7.057440281e-02
  7.192466408e-02 7.338282466e-02-1.136842847e+00-8.893482685e-01
 -4.819196463e-01-2.883853316e-01 6.910582632e-02-6.229441613e-03
  1.413605958e-01 1.094614193e-01-4.035035074e-01-6.498081088e-01
 -9.078258276e-01-3.751322627e-01-4.855941236e-01-4.833909869e-01
 -3.745137751e-01-9.328890443e-01-7.275171280e-01-5.822802782e-01
  1.510468870e-01 1.396185160e-01 4.164817929e-01 4.418470860e-01
 -4.576267898e-01-6.054082513e-01-9.322273135e-01-1.155358553e+00
 -8.718163967e-01-8.606305718e-01-8.314975500e-01-8.004565239e-01
 -7.753220797e-01-7.547421455e-01-7.411531806e-01-7.437083721e-01
 -7.601721883e-01-7.839377522e-01-8.127067089e-01-8.490459323e-01
 -8.848320842e-01-9.033747315e-01
  1.763301500e+06 1.173868047e+05 1.891773281e+05 6.550278906e+04
 -1.332929375e+05-2.681445000e+05-1.983200156e+05 5.662293750e+05
  5.608321250e+05 2.889351250e+05 2.776491250e+05-5.553730469e+03
  6.527285156e+03-7.567192188e+04-7.567557812e+04
  1.360886816e+04 4.401410645e+03 7.022321777e+03
  4.284711000e+06 4.682917023e+01-4.542053223e+01 6.237154007e+01
 -5.372311020e+01 0.000000000e+00 0.000000000e+00 0.000000000e+00
  0.000000000e+00 0.000000000e+00 3.078788567e+01 0.000000000e+00
  2.098355889e-01 9.621501714e-02-1.338188410e+00 1.542016268e-01
 -8.780624866e-01 0.000000000e+00 9.990000000e+02 2.714113474e+00
  8.943654060e+00 9.584611654e-01 0.000000000e+00 1.683082134e-01
  3.635355234e+00 6.754106522e+00 4.701506138e+00 0.000000000e+00
  1.316279024e-01 1.586981863e-01 4.558850527e-01 8.900774121e-01
  7.492554665e+00 4.150433540e+00 4.150433540e+00 6.668636799e+00
  3.442689419e+00 1.843124628e+00-8.900000000e+01-8.900000000e+01
  1.502132416e+00-8.900000000e+01-8.900000000e+01 4.682917023e+01
 -4.542053223e+01 6.505866241e+01 5.959601593e+01 6.237154007e+01
 -5.372311020e+01 2.425692344e+05-1.049587250e+00-8.900000000e+01
  2.673313141e+00-8.900000000e+01 0.000000000e+00 0.000000000e+00
 00101231-Mar-2011 11:26:111050426022.01300 MAG
